"ais" <-
structure(list(sex = structure(c(1, 1, 1, 1, 1, 1, 1, 1, 1, 1, 
1, 1, 1, 1, 1, 1, 1, 1, 1, 1, 1, 1, 1, 1, 1, 1, 1, 1, 1, 1, 1, 
1, 1, 1, 1, 1, 1, 1, 1, 1, 1, 1, 1, 1, 1, 1, 1, 1, 1, 1, 1, 1, 
1, 1, 1, 1, 1, 1, 1, 1, 1, 1, 1, 1, 1, 1, 1, 1, 1, 1, 1, 1, 1, 
1, 1, 1, 1, 1, 1, 1, 1, 1, 1, 1, 1, 1, 1, 1, 1, 1, 1, 1, 1, 1, 
1, 1, 1, 1, 1, 1, 2, 2, 2, 2, 2, 2, 2, 2, 2, 2, 2, 2, 2, 2, 2, 
2, 2, 2, 2, 2, 2, 2, 2, 2, 2, 2, 2, 2, 2, 2, 2, 2, 2, 2, 2, 2, 
2, 2, 2, 2, 2, 2, 2, 2, 2, 2, 2, 2, 2, 2, 2, 2, 2, 2, 2, 2, 2, 
2, 2, 2, 2, 2, 2, 2, 2, 2, 2, 2, 2, 2, 2, 2, 2, 2, 2, 2, 2, 2, 
2, 2, 2, 2, 2, 2, 2, 2, 2, 2, 2, 2, 2, 2, 2, 2, 2, 2, 2, 2, 2, 
2, 2, 2), .Label = c("female", "male"), class = "factor"), sport = structure(c(1, 
1, 1, 1, 1, 1, 1, 1, 1, 1, 1, 1, 1, 5, 5, 5, 5, 5, 5, 5, 5, 5, 
5, 5, 5, 5, 5, 5, 5, 5, 5, 5, 5, 5, 5, 4, 4, 4, 4, 4, 4, 4, 4, 
4, 4, 4, 4, 4, 4, 4, 4, 4, 4, 4, 4, 4, 4, 4, 6, 6, 6, 6, 6, 6, 
6, 6, 6, 2, 7, 2, 2, 2, 2, 2, 2, 7, 8, 7, 7, 7, 7, 7, 7, 7, 8, 
7, 7, 8, 8, 9, 9, 9, 9, 9, 9, 9, 3, 3, 3, 3, 6, 6, 6, 6, 6, 6, 
6, 6, 6, 6, 6, 6, 6, 5, 5, 5, 5, 5, 5, 5, 5, 5, 5, 5, 5, 5, 5, 
5, 1, 1, 1, 1, 1, 1, 1, 1, 1, 1, 1, 1, 7, 7, 7, 7, 2, 2, 2, 7, 
7, 7, 7, 7, 7, 7, 7, 8, 8, 8, 2, 2, 2, 2, 2, 8, 8, 8, 7, 7, 7, 
7, 8, 8, 7, 8, 7, 8, 2, 2, 2, 2, 8, 10, 10, 10, 10, 10, 10, 10, 
10, 10, 10, 10, 10, 10, 10, 10, 10, 10, 9, 9, 9, 9), .Label = c("B_Ball", 
"Field", "Gym", "Netball", "Row", "Swim", "T_400m", "T_Sprnt", 
"Tennis", "W_Polo"), class = "factor"), rcc = c(3.96, 4.41, 4.14, 
4.11, 4.45, 4.1, 4.31, 4.42, 4.3, 4.51, 4.71, 4.62, 4.35, 4.26, 
4.63, 4.36, 3.91, 4.51, 4.37, 4.9, 4.46, 3.95, 4.46, 5.02, 4.26, 
4.46, 4.16, 4.49, 4.21, 4.57, 4.87, 4.44, 4.45, 4.41, 4.87, 4.56, 
4.15, 4.16, 4.32, 4.06, 4.12, 4.17, 3.8, 3.96, 4.44, 4.27, 3.9, 
4.02, 4.39, 4.52, 4.25, 4.46, 4.4, 4.83, 4.23, 4.24, 3.95, 4.03, 
4.36, 4.07, 4.17, 4.23, 4.46, 4.38, 4.31, 4.51, 4.13, 4.48, 5.31, 
4.58, 4.81, 4.51, 4.77, 5.33, 4.75, 4.11, 4.76, 4.27, 4.44, 4.2, 
4.71, 4.09, 4.24, 3.9, 4.82, 4.32, 4.77, 5.16, 4.97, 4, 4.4, 
4.38, 4.08, 4.98, 5.16, 4.66, 4.19, 4.53, 4.09, 4.42, 5.13, 4.83, 
5.09, 5.17, 5.11, 5.03, 5.32, 4.75, 5.34, 4.87, 5.33, 4.81, 4.32, 
4.87, 5.04, 4.4, 4.95, 4.78, 5.21, 5.22, 5.18, 5.4, 4.92, 5.24, 
5.09, 4.83, 5.22, 4.71, 5.24, 4.54, 5.13, 5, 5.17, 4.89, 4.5, 
4.84, 4.13, 4.87, 4.82, 4.73, 4.55, 4.71, 4.93, 5.21, 5.09, 5.11, 
4.94, 4.87, 4.41, 4.86, 4.91, 4.93, 4.2, 5.1, 4.5, 4.89, 5.13, 
4.88, 5, 5.48, 5.93, 5.01, 5.48, 5.16, 4.64, 6.72, 4.83, 5.34, 
5.13, 4.68, 5, 4.99, 5.49, 5.59, 5.03, 5.5, 5.11, 4.96, 5.01, 
5.11, 5.69, 4.63, 4.91, 4.95, 5.34, 5.16, 5.29, 5.02, 5.01, 5.03, 
5.25, 5.08, 5.04, 4.63, 5.11, 5.34, 4.86, 4.9, 5.66, 5.03, 4.97, 
5.38), wcc = c(7.5, 8.3, 5, 5.3, 6.8, 4.4, 5.3, 5.7, 8.9, 4.4, 
5.3, 7.3, 7.8, 6.2, 6, 5.8, 7.3, 8.3, 8.1, 6.9, 5.7, 3.3, 9.5, 
6.4, 5.8, 5.6, 5.8, 7.6, 7.5, 6.6, 6.4, 10.1, 6.6, 5.9, 7.3, 
13.3, 6, 7.6, 6.4, 5.8, 6.1, 5, 6.6, 5.5, 9.7, 10.6, 6.3, 9.1, 
9.6, 5.1, 10.7, 10.9, 9.3, 8.4, 6.9, 8.4, 6.6, 8.5, 5.5, 5.9, 
4.9, 8.1, 8.3, 5.8, 5.3, 5.1, 7, 9.5, 9.5, 5.8, 6.8, 9, 7.1, 
9.3, 7.5, 7.3, 7.6, 6.9, 6.1, 6.5, 6.9, 6.4, 6.6, 6, 7.6, 6.8, 
7.2, 8.2, 7.8, 4.2, 4, 7.9, 6.6, 6.4, 7.2, 6.4, 9, 5, 4.9, 6.4, 
7.1, 7.6, 4.7, 4.1, 6.7, 7.1, 6, 8.6, 6.6, 4.8, 5.2, 6.2, 4.3, 
8.2, 7.1, 5.3, 5.9, 9.3, 6.8, 8.4, 6.5, 6.8, 5.4, 7.5, 10.1, 
5, 6, 8, 7.2, 5.9, 5.8, 6.7, 8, 7.5, 9.2, 8.3, 8.9, 7.4, 6.4, 
6.7, 5.55, 7.2, 7.3, 7.5, 8.9, 9.6, 6.3, 6.3, 4.5, 3.9, 9, 7.3, 
4.5, 6.1, 6.1, 5.8, 4, 4.3, 8.2, 4.6, 6.4, 8.9, 6.2, 8.4, 9, 
7.1, 6.6, 7.6, 4.6, 4.8, 5.2, 7.2, 5.9, 7.9, 6.6, 6.4, 9.3, 8.3, 
8.9, 8.7, 10.8, 9.1, 10.2, 7.5, 10, 12.9, 12.7, 6.1, 9.8, 7.5, 
7.4, 8.5, 6, 14.3, 7, 6.2, 8.9, 7.6, 8.3, 6.4, 8.8, 6.3), Hc = c(37.5, 
38.2, 36.4, 37.3, 41.5, 37.4, 39.6, 39.9, 41.1, 41.6, 41.4, 43.8, 
41.4, 41, 43.7, 40.3, 37.6, 43.7, 41.8, 44, 39.2, 36.9, 41.5, 
44.8, 41.2, 41.1, 39.8, 41.8, 38.4, 42.8, 44.8, 42.7, 42.6, 41.1, 
44.1, 42.2, 38, 37.5, 37.7, 38.7, 36.6, 37.4, 36.5, 36.3, 41.4, 
37.7, 35.9, 37.7, 38.3, 38.8, 39.5, 39.7, 40.4, 41.8, 38.3, 37.6, 
38.4, 37.7, 41.4, 39.5, 38.9, 38.2, 42.2, 42, 41.1, 40.9, 39.7, 
36.5, 47.1, 42.1, 42.7, 39.7, 40.6, 47, 43.8, 38.7, 42.9, 44.1, 
42.6, 39.1, 43.5, 40.1, 38.2, 38.9, 43.2, 40.6, 43.3, 45.3, 44.7, 
36.6, 40.8, 39.8, 37.8, 44.8, 44.3, 40.9, 39, 40.7, 36, 42.8, 
46.8, 45.2, 46.6, 44.9, 46.1, 45.1, 47.5, 45.5, 48.6, 44.9, 47.8, 
45.2, 41.6, 43.8, 44, 42.5, 45.4, 43, 44.5, 47.5, 45.4, 49.5, 
46.2, 46.5, 44.9, 43.8, 46.6, 45.5, 46.6, 44.4, 46.1, 45.3, 47.9, 
41.6, 40.7, 46.3, 40.3, 43.5, 44.3, 42.8, 42.6, 43.6, 46.2, 47.5, 
46.3, 48.2, 45.7, 45.8, 44.2, 44.9, 46.3, 45.2, 41.2, 45.3, 42.2, 
45.5, 44.1, 45.6, 46.8, 49.4, 49.1, 46, 48.2, 44.4, 42.9, 59.7, 
43.8, 48.3, 45.3, 43, 45.1, 41.4, 47.7, 49.7, 44.7, 48.1, 45.4, 
45.3, 46, 46.5, 50.5, 42.1, 45, 44.5, 46.8, 47.6, 48, 43.6, 46.5, 
43.6, 47.3, 46.3, 45.9, 44.8, 47.7, 49.8, 46.9, 45.6, 50.2, 42.7, 
43, 46), Hg = c(12.3, 12.7, 11.6, 12.6, 14, 12.5, 12.8, 13.2, 
13.5, 12.7, 14, 14.7, 14.1, 13.9, 14.7, 13.3, 12.9, 14.7, 14.3, 
14.5, 13, 12.5, 14.5, 15.2, 14.1, 14.3, 13.3, 14.4, 13.2, 14.5, 
15, 14, 14.1, 13.5, 14.8, 13.6, 12.7, 12.3, 12.3, 12.8, 11.8, 
12.7, 12.4, 12.4, 14.1, 12.5, 12.1, 12.7, 12.5, 13.1, 13.2, 13.7, 
13.6, 13.4, 12.6, 12.5, 12.8, 13, 13.8, 13.3, 12.9, 12.7, 14.4, 
14, 13.9, 14, 13.1, 13.3, 15.9, 14.7, 15.3, 14.3, 14.6, 15, 15.2, 
12.4, 13.4, 14.7, 13.9, 13, 13.8, 13.2, 12.6, 13.5, 14.4, 13.7, 
14.8, 14.7, 14.2, 12, 13.9, 13.5, 12.1, 14.8, 14.5, 13.9, 13.4, 
14, 12.5, 14.5, 15.9, 15.2, 15.9, 15, 15.6, 15.2, 16.3, 15.2, 
16.5, 15.4, 16.1, 15.3, 14, 15, 14.8, 14.5, 15.5, 14.7, 15.4, 
16.2, 14.9, 17.3, 15.8, 15.5, 14.8, 15.1, 15.7, 15.6, 15.9, 15.6, 
15.9, 15.7, 16.4, 14.4, 13.7, 15.9, 13.5, 15, 14.8, 14.9, 14.4, 
14, 15.1, 16.5, 15.4, 16.7, 15.5, 16.1, 15, 15.4, 15.4, 15.8, 
14.3, 14.9, 14.7, 15.6, 15.2, 15.5, 14.7, 18, 16.1, 15.9, 16.3, 
15.5, 14.9, 19.2, 14.3, 16.2, 16.8, 14.8, 15.1, 14.9, 15.9, 17.2, 
15.9, 16.5, 15.8, 15.7, 15.9, 16.3, 18.5, 14.4, 15.2, 15, 16.2, 
15.6, 16.2, 14.8, 15.8, 14.4, 15.8, 15.6, 15, 15, 15.8, 17.2, 
15.8, 16, 17.7, 14.3, 14.9, 15.7), Fe = c(60, 68, 21, 69, 29, 
42, 73, 44, 41, 44, 38, 26, 30, 48, 30, 29, 43, 34, 53, 59, 43, 
40, 92, 48, 77, 71, 37, 71, 73, 85, 64, 19, 39, 41, 13, 20, 59, 
22, 30, 78, 21, 109, 102, 71, 64, 68, 78, 107, 39, 58, 127, 102, 
86, 40, 50, 58, 33, 51, 82, 25, 86, 22, 30, 27, 60, 115, 124, 
54, 29, 164, 50, 36, 40, 62, 90, 12, 36, 45, 43, 51, 22, 44, 
26, 16, 58, 46, 43, 34, 41, 57, 73, 88, 182, 80, 88, 109, 69, 
41, 66, 63, 34, 97, 55, 76, 93, 46, 155, 99, 35, 124, 176, 107, 
177, 130, 64, 109, 125, 150, 115, 89, 93, 183, 84, 70, 118, 61, 
72, 91, 58, 97, 110, 72, 36, 53, 72, 39, 61, 49, 35, 8, 106, 
32, 41, 20, 44, 103, 50, 41, 101, 73, 56, 74, 58, 87, 139, 82, 
87, 80, 67, 132, 43, 212, 94, 213, 122, 76, 53, 91, 36, 101, 
184, 44, 66, 220, 191, 40, 189, 141, 212, 97, 53, 126, 234, 50, 
94, 156, 124, 87, 97, 102, 55, 117, 52, 133, 214, 143, 65, 90, 
38, 122, 233, 32),