"frontier" <-
c(0.1169, 1.7311, 0.0144, 0.4881, 2.3877, -0.0853,  0.0522, 0.7226, 
  0.8718, 3.0415, 0.6363, 1.359,  1.5958,  0.4567,  0.9885, 1.7001, 
  1.038,  1.0195, 0.3528, 1.4249, 0.317,   1.3276, -0.1032, 1.1568, 
  0.0699, 1.6802, 0.247,  0.4147, 1.6882,  0.7256,  1.3568, 1.1091, 
  0.05,   2.2886, 1.4985, 2.7261, 1.8443, -0.0687,  0.9441, 0.6872, 
  0.5258, 0.4743, 0.424,  0.7349, 0.4428,  0.188,   0.4642, 0.2786, 
  0.2742, 0.5678)
